2 2 1025 7110 
1 2 1047 1120 
1 2 1052 900 
2 2 1069 5518 
1 2 1086 4206 
3 2 1182 5553 
1 2 1185 4075 
2 2 1445 5756 
2 2 1509 4711 
2 2 1534 1806 
1 2 1646 7797 
1 2 192 6055 
1 2 2089 7864 
1 2 2213 5144 
1 2 2229 4236 
2 2 2513 7081 
2 2 2546 1117 
1 2 2556 2663 
1 2 2568 1025 
2 2 2587 1136 
2 2 2598 4126 
2 2 2660 5640 
2 2 2664 911 
1 2 2676 4740 
1 2 2746 740 
1 2 2787 5790 
1 2 2807 3692 
1 2 2885 6093 
2 2 2956 708 
1 2 2991 6464 
1 2 3022 6038 
1 2 3121 3043 
1 2 3262 6598 
1 2 3326 241 
1 2 3331 6646 
2 2 3652 5833 
2 2 3663 5851 
2 2 3834 853 
2 2 3878 6882 
3 2 391 5993 
2 2 3938 3816 
1 2 3955 952 
1 2 3992 1628 
1 2 4014 4159 
1 2 4073 2515 
1 2 4073 7011 
1 2 4110 7084 
1 2 4111 792 
2 2 413 3527 
2 2 4236 4879 
1 2 425 3535 
3 2 4345 3778 
1 2 4619 7097 
1 2 4692 1534 
1 2 4696 1833 
3 2 4711 5231 
2 2 4759 1752 
2 2 4882 4739 
1 2 4999 7097 
1 2 5172 4218 
2 2 5558 2576 
2 2 5640 2707 
2 2 5670 3946 
2 2 5676 4190 
1 2 5676 952 
2 2 571 2906 
2 2 5891 3780 
2 2 5907 2991 
1 2 5918 6583 
3 2 5972 2956 
1 2 5993 3262 
1 2 6053 2991 
2 2 6063 2235 
2 2 6063 689 
3 2 6241 391 
2 2 6282 3207 
1 2 6314 3288 
2 2 6373 3350 
1 2 6439 6336 
1 2 6464 6117 
3 2 6469 495 
1 2 6469 587 
1 2 6513 564 
1 2 6560 516 
3 2 6598 516 
2 2 6606 782 
2 2 6640 1292 
2 2 6785 2225 
2 2 6788 6973 
2 2 6855 2677 
1 2 688 3684 
2 2 689 6890 
1 2 6906 3816 
2 2 6906 5723 
3 2 6984 3957 
2 2 7011 3996 
1 2 7014 5488 
1 2 7024 3119 
1 2 7072 1136 
2 2 7072 2587 
1 2 707 6725 
1 2 7110 5606 
2 2 7125 848 
2 2 7167 4619 
4 2 7204 7125 
1 2 730 652 
2 2 740 743 
1 2 7576 1468 
1 2 7732 5105 
2 2 7878 2046 
1 3 1065 7170 7151 
1 3 1069 4071 5552 
2 3 1092 5507 2568 
1 3 141 6078 3125 
2 3 1534 4811 4740 
1 3 1562 2215 7882 
2 3 1572 1584 7388 
2 3 1653 3883 4975 
3 3 1664 6987 5061 
1 3 1688 5106 5144 
2 3 1715 7422 492 
2 3 1788 3721 4872 
2 3 1821 5925 1543 
2 3 1827 7780 4723 
2 3 1866 5652 1957 
2 3 1921 4906 1827 
2 3 1925 4586 4740 
1 3 1939 5196 5210 
1 3 1971 4407 7858 
2 3 2046 1443 1596 
1 3 2046 2003 1728 
2 3 2199 5090 4358 
1 3 2546 5447 5524 
1 3 2621 1146 7085 
2 3 2627 5665 6923 
1 3 2665 6946 6973 
2 3 2695 2698 964 
1 3 2797 704 2787 
2 3 2917 2952 5918 
1 3 2930 933 516 
2 3 2932 1346 5987 
1 3 2956 3690 5823 
2 3 2956 5932 2906 
3 3 2960 6444 6488 
1 3 2973 3536 2903 
2 3 2994 5977 6536 
1 3 3007 3879 6115 
1 3 3078 5991 2903 
1 3 3122 66 195 
1 3 3232 332 399 
1 3 3320 327 6296 
1 3 3320 6683 3393 
1 3 3325 3277 399 
1 3 3325 3277 6364 
1 3 3369 6378 377 
1 3 3369 7239 6632 
1 3 3379 3242 3359 
1 3 3379 3242 385 
2 3 3392 3794 3615 
1 3 3414 6562 3569 
2 3 3415 3303 3208 
1 3 3456 5462 4110 
1 3 3458 467 3544 
2 3 3472 4700 4712 
1 3 3522 6218 6377 
1 3 3535 2976 514 
1 3 3535 6487 3522 
1 3 3569 557 2787 
3 3 3588 5783 5772 
1 3 3594 2853 6613 
2 3 3601 3592 2867 
1 3 3672 3682 3668 
1 3 3707 2769 754 
2 3 3780 607 6635 
1 3 3808 6815 3331 
1 3 391 68 3314 
2 3 3960 3875 3972 
2 3 3960 5687 5001 
2 3 3962 7532 5102 
1 3 3979 6108 3083 
1 3 3992 4083 7172 
4 3 4052 912 6981 
1 3 4112 6921 3022 
2 3 413 6341 6398 
2 3 4190 1169 4144 
1 3 4206 1201 1065 
1 3 4218 7653 1172 
1 3 4235 1266 5117 
3 3 425 6487 3522 
1 3 4437 6992 7858 
1 3 4437 7837 1685 
1 3 4464 7668 7480 
1 3 4516 4659 5587 
1 3 4569 1621 4692 
2 3 4569 4625 7797 
1 3 4569 5170 1534 
1 3 4572 7652 5116 
1 3 4591 4574 7151 
2 3 4692 1352 4740 
2 3 4711 4822 4696 
1 3 4860 4900 4866 
2 3 4865 4914 2047 
2 3 4882 4728 7787 
2 3 492 4991 7480 
1 3 495 6535 3172 
2 3 4975 4834 1921 
1 3 5010 7892 7705 
1 3 5040 5055 2443 
1 3 5102 5006 2162 
2 3 5116 7582 4506 
2 3 514 573 2908 
1 3 5153 5056 5694 
1 3 5160 4469 1939 
1 3 516 3576 2973 
1 3 5199 2083 191 
3 3 5231 1897 5144 
1 3 5319 4416 7265 
1 3 5495 2559 1069 
1 3 5499 7108 1047 
2 3 5553 7157 7087 
1 3 5561 2543 2577 
1 3 560 2951 6435 
2 3 5676 2701 5495 
1 3 5756 1582 913 
2 3 5790 541 3484 
1 3 581 3550 3581 
1 3 5821 5804 2787 
1 3 5823 6693 692 
1 3 5829 6690 2787 
2 3 5833 6698 698 
2 3 587 3547 2960 
3 3 5972 6568 6488 
1 3 6009 3354 6314 
1 3 6009 3354 6739 
2 3 603 3604 2864 
1 3 6179 6200 3273 
1 3 6241 6286 6336 
1 3 6332 3799 6375 
2 3 6361 6257 6389 
1 3 6364 6235 394 
1 3 6373 6344 6649 
1 3 6377 3271 3326 
1 3 6488 3524 564 
1 3 6488 3524 5962 
3 3 6521 3312 6282 
3 3 6521 3499 3522 
2 3 6538 6318 6384 
1 3 6626 599 5845 
1 3 6626 628 2864 
1 3 6632 3408 6538 
2 3 6646 3378 6373 
2 3 6696 1881 1595 
1 3 6711 3709 3696 
1 3 6747 723 3707 
1 3 6766 943 5760 
2 3 678 6529 5987 
1 3 6831 5678 925 
2 3 6845 3824 6984 
1 3 6863 70 4041 
2 3 6882 3863 6845 
1 3 692 5825 707 
1 3 6994 5667 3962 
2 3 7011 5547 2583 
1 3 7014 4042 7191 
2 3 7072 2531 7212 
1 3 708 3705 692 
2 3 7087 2482 5450 
1 3 7100 1194 5612 
2 3 7100 5494 7069 
4 3 7125 5498 4052 
2 3 7202 1547 2573 
2 3 7212 2599 1092 
1 3 7260 7344 5362 
3 3 7315 2365 5223 
1 3 743 6777 5744 
1 3 746 713 3696 
2 3 7552 1453 5094 
2 3 7552 7524 4464 
1 3 7602 5156 4492 
1 3 7607 4767 5231 
1 3 7674 1489 952 
1 3 7738 5229 1359 
2 3 7859 2147 2177 
2 3 7882 7719 853 
2 3 819 2675 883 
1 3 853 1793 2672 
2 3 911 3928 5633 
1 3 913 7791 4358 
2 3 957 664 2393 
1 4 1065 7170 1074 4111 
1 4 1132 4168 6943 788 
1 4 1180 2063 4995 4604 
1 4 1330 2453 4336 1403 
2 4 1330 5416 5273 5201 
2 4 1402 4461 7776 3867 
2 4 1408 4428 5410 7315 
1 4 1454 2477 1431 7669 
2 4 1459 2768 7501 1554 
2 4 1459 7597 7657 7243 
1 4 1468 4556 1897 5144 
2 4 1572 2208 1480 2573 
2 4 1595 1604 7626 4569 
1 4 1595 4531 5799 6063 
2 4 1595 831 2702 6855 
2 4 1664 2019 1723 5038 
1 4 1715 1598 968 4358 
2 4 1715 5375 4504 2085 
1 4 1814 4804 1935 1944 
1 4 1814 4804 7692 1801 
1 4 2012 7849 1781 4948 
2 4 2047 1789 4942 5852 
2 4 2085 1987 4873 7797 
1 4 2097 3795 1600 5465 
2 4 2197 5195 2203 2211 
1 4 2199 7583 860 492 
2 4 2368 3513 4328 4274 
1 4 241 3248 3528 6439 
3 4 2443 5086 4587 2086 
2 4 2500 1091 2588 7186 
1 4 2513 5581 2527 5614 
1 4 2660 923 5688 819 
2 4 2663 5708 6843 883 
1 4 2672 4799 4657 5153 
2 4 2695 916 4642 4572 
1 4 2707 6862 6875 2665 
2 4 2867 3654 596 5829 
2 4 2867 3654 6650 5845 
2 4 2906 3033 3397 6488 
3 4 2908 6440 3418 3585 
2 4 2917 2904 2888 6488 
2 4 2947 2931 2902 1119 
2 4 2947 5916 454 3078 
1 4 2947 5947 6569 485 
1 4 2950 3557 3148 418 
2 4 2960 3423 5903 2917 
1 4 310 7482 5230 6425 
1 4 3144 6580 536 2979 
1 4 3151 3060 6969 6852 
1 4 3172 247 309 3326 
2 4 321 3610 6470 6361 
1 4 3222 3416 6734 362 
2 4 3223 216 386 3350 
1 4 3223 277 6340 3320 
2 4 3223 294 3453 3331 
1 4 3223 3845 6825 6617 
1 4 3295 3324 389 362 
1 4 3331 3839 3641 306 
1 4 3369 2987 6818 6103 
2 4 3458 6416 3054 6117 
1 4 3501 931 3436 6103 
1 4 351 3624 3200 6179 
2 4 3580 6746 6456 6276 
1 4 3581 2764 3548 746 
2 4 3585 3474 6137 2906 
1 4 3615 347 796 3393 
2 4 3671 5997 6533 512 
1 4 3692 3679 6934 5823 
2 4 3696 699 716 5821 
1 4 3734 5784 3760 719 
3 4 3778 3635 3661 6510 
1 4 3780 6790 5730 6606 
2 4 3808 323 6293 3815 
2 4 3834 7920 5044 1653 
2 4 3882 2667 5639 5872 
1 4 3882 3833 3526 2670 
2 4 3960 4467 5015 5212 
2 4 3960 5022 1927 1664 
1 4 3979 6933 6013 3122 
2 4 3996 4055 1068 5525 
1 4 4075 2495 5489 2263 
1 4 4111 1074 7170 7151 
1 4 4112 6907 4021 6115 
2 4 4159 1156 3857 5490 
2 4 4236 7605 5203 1509 
2 4 4272 1874 1230 7607 
1 4 4272 1874 7872 5199 
2 4 4274 4347 4331 3588 
2 4 4345 4417 5235 7433 
2 4 4518 5630 941 5153 
1 4 4643 5302 5104 1359 
1 4 4643 5302 5104 7738 
2 4 4712 1733 7825 7274 
2 4 4739 6726 515 3010 
2 4 4740 4586 1738 1921 
2 4 476 2997 2934 6593 
2 4 4866 4863 7883 4759 
2 4 4872 3721 3481 4739 
1 4 4926 4824 2031 4975 
1 4 4926 7821 1683 2672 
3 4 495 3398 3524 6488 
1 4 5040 4045 2036 2443 
2 4 5094 5132 4510 1646 
1 4 5105 7852 1687 5075 
2 4 512 5758 5963 2947 
1 4 5130 3925 2711 788 
1 4 5153 2275 4727 7882 
2 4 5212 2244 1927 1664 
2 4 525 2892 6458 2965 
1 4 5280 1344 1716 7856 
1 4 5280 7436 1268 5319 
1 4 5488 7120 996 2621 
2 4 5525 7144 2574 2520 
1 4 5583 1144 7207 4132 
1 4 5585 1096 2563 7191 
1 4 5587 4299 1377 2443 
1 4 5635 1616 6985 6606 
1 4 564 3051 6070 495 
2 4 5643 2642 958 2664 
2 4 5683 6909 5675 3878 
1 4 5694 2704 7517 1562 
2 4 5810 3677 6699 5772 
1 4 5821 6561 541 5790 
1 4 5829 5801 5827 3684 
1 4 5861 2684 3617 619 
1 4 5872 6634 2865 2863 
2 4 587 5964 2886 2930 
2 4 5979 548 3230 3295 
2 4 6009 6342 6222 6425 
2 4 603 3776 2717 6606 
2 4 603 3776 773 3780 
1 4 6050 507 6818 6103 
1 4 6063 695 691 6710 
3 4 6103 3209 221 271 
2 4 619 3617 2868 2863 
1 4 619 3623 6670 5821 
2 4 6287 6393 3260 3325 
2 4 6296 6360 6229 6009 
1 4 6332 3736 348 3288 
1 4 6332 6402 3380 362 
1 4 6344 6239 6172 3821 
1 4 6361 3368 3231 3232 
2 4 6361 6325 6349 3326 
1 4 6377 2961 3355 564 
1 4 6377 6263 6325 6361 
2 4 6398 6230 6279 3356 
2 4 6469 3512 6258 6241 
1 4 6469 6570 529 2960 
2 4 6474 6493 6106 6136 
3 4 6521 6114 6441 514 
3 4 6521 6595 552 5907 
1 4 6538 3191 6705 3628 
1 4 657 6677 2841 5851 
2 4 6583 3045 2989 2960 
1 4 6606 6793 5893 2864 
2 4 6613 2681 648 3652 
1 4 6626 2715 2884 3601 
2 4 6657 655 3659 3671 
1 4 6678 5837 2823 673 
2 4 6696 1783 2007 5756 
2 4 6696 6974 1860 2085 
2 4 6710 722 749 2795 
2 4 6732 3906 2668 5683 
1 4 673 2811 3675 688 
2 4 6788 3772 2634 5633 
1 4 6788 3773 6790 3780 
1 4 6863 4035 149 3151 
2 4 6863 70 3892 3140 
1 4 7007 7024 6901 141 
2 4 7011 5491 7164 4076 
2 4 7069 5534 4139 4108 
1 4 7138 7083 2512 1132 
2 4 7169 2508 3848 6994 
2 4 7274 7757 7886 1834 
2 4 7315 7386 5288 2368 
2 4 743 2758 2755 6766 
1 4 7447 7391 5377 7244 
2 4 7552 1453 1643 1528 
2 4 7656 5225 4300 1319 
1 4 782 5623 967 925 
1 4 7856 7729 4414 4643 
1 4 7856 7729 5357 4278 
1 4 7864 2004 7874 2097 
1 4 853 7747 6897 4926 
1 4 883 6939 3966 6831 
1 4 925 6926 5702 5640 
2 4 949 3908 3937 6923 
1 4 957 810 6811 973 
1 4 964 3783 6851 1150 
2 5 1119 6026 909 3516 516 
2 5 1145 5593 1689 2617 7132 
2 5 1182 1097 2626 2566 2546 
2 5 1292 1294 4780 1709 4712 
1 5 1359 2439 4353 5289 1349 
1 5 1492 7469 2122 1082 4425 
2 5 1528 2180 6968 5687 3960 
2 5 1715 1587 4645 7464 7797 
2 5 1866 4807 4664 5205 2235 
1 5 1866 5652 1867 3750 1747 
2 5 1948 5127 1828 2035 4696 
2 5 1957 3855 3613 4760 4723 
1 5 2050 1382 2025 1969 4972 
1 5 2113 7140 1056 4550 4111 
1 5 2196 7622 1312 4270 7686 
2 5 2277 4424 7427 4412 5259 
2 5 2555 1064 2498 1151 2520 
1 5 2577 5559 2161 1497 2227 
2 5 2587 4142 4172 7102 5524 
2 5 2619 4129 7162 7180 2576 
1 5 2693 2645 2669 5719 6891 
2 5 2695 5684 930 4561 4506 
1 5 2787 6690 5801 6687 3673 
1 5 2867 624 5881 6647 619 
2 5 2908 583 421 6562 3414 
2 5 2908 583 421 6562 3569 
2 5 2917 563 3558 3530 5972 
2 5 2947 5963 3549 5900 2885 
1 5 2979 6483 3107 2901 5930 
2 5 3078 454 3402 2902 1119 
2 5 3152 3063 3954 3036 4640 
1 5 3187 3030 7019 3068 193 
1 5 3273 6200 159 3603 7006 
1 5 3273 6200 6300 3150 3945 
2 5 3320 6636 3419 3252 310 
1 5 3375 6264 3235 6653 3815 
1 5 3522 6820 6637 3610 321 
1 5 3522 6820 6637 6470 6361 
1 5 3544 524 402 5933 3392 
2 5 3552 6572 5959 2940 5994 
2 5 3588 6665 3471 5419 4274 
1 5 3601 6611 984 3974 3924 
2 5 3615 347 318 3309 6617 
2 5 3652 3669 3506 2963 2947 
2 5 3671 5997 6016 503 2994 
1 5 3673 3674 6673 2850 6626 
2 5 3775 6797 5898 3605 4345 
1 5 3842 6313 6821 6395 3273 
1 5 3852 959 6822 898 6944 
2 5 3957 873 3823 2662 5130 
1 5 3957 951 2647 5202 7646 
2 5 3960 2082 7834 1618 1806 
1 5 418 6064 3492 558 3580 
1 5 4245 4062 4104 1101 5501 
1 5 4506 1588 1933 7832 4725 
1 5 4516 1569 2005 7927 5040 
2 5 4569 5085 7611 5799 6063 
2 5 4740 2676 7762 2055 3972 
2 5 476 6010 2964 504 525 
2 5 5001 7485 2099 4444 1646 
1 5 5130 5620 2140 5482 7138 
1 5 5143 2164 4557 4883 5526 
2 5 5212 2174 4884 2042 6785 
1 5 5319 4416 1409 7288 1321 
2 5 5450 7187 4172 4142 2587 
2 5 5450 7187 5543 2566 2546 
1 5 5501 5459 2123 2572 5550 
1 5 5550 5305 4237 1228 7340 
1 5 5635 5653 5732 6862 2707 
1 5 5744 2883 595 3598 620 
3 5 5772 6699 6694 6876 4518 
1 5 5821 682 3670 5856 2867 
2 5 5829 596 3654 6650 5845 
2 5 5872 2637 2650 965 949 
2 5 5972 3530 6542 6712 3692 
2 5 5987 1346 3629 2952 5918 
2 5 6063 2860 7306 4770 1957 
2 5 6063 5795 6769 722 3775 
1 5 6103 6818 6221 6270 6632 
2 5 6117 3054 6416 467 3544 
2 5 620 3626 651 669 3671 
2 5 6276 6144 3807 3292 6262 
2 5 6282 349 3340 6185 321 
2 5 6282 6334 6442 6260 3222 
1 5 6384 6335 6399 3437 3842 
2 5 6521 375 3841 3700 321 
2 5 6538 6209 6448 3725 351 
2 5 6583 6132 6069 3516 516 
2 5 6640 1233 2294 5443 1821 
2 5 6649 546 5981 3480 2965 
2 5 6780 2720 5740 776 3780 
2 5 6788 771 5740 2720 6780 
1 5 6852 3909 3050 6150 3187 
1 5 6852 6082 4044 6877 7007 
2 5 6890 882 3687 6707 2795 
4 5 6981 3970 3895 5650 2695 
1 5 7007 67 6898 6933 3979 
2 5 7202 5527 7012 4491 7138 
2 5 7243 4374 4227 1314 5308 
1 5 7340 4280 2468 4472 7738 
1 5 7477 7563 4599 2095 2250 
1 5 7607 1230 1874 7872 5199 
1 5 7642 5439 2286 4390 4608 
1 5 7646 7466 4627 1907 5756 
2 5 7798 4776 1256 1270 1319 
2 6 1117 2610 4067 1063 5660 6994 
2 6 121 252 6356 6666 6211 6380 
2 6 1278 2464 5425 5219 2427 6640 
1 6 1349 7013 4072 7060 7430 5526 
1 6 1349 7013 4187 7150 2593 5583 
2 6 1572 2238 1433 2117 5027 2199 
2 6 1843 5682 5037 866 2144 1572 
2 6 2047 7888 1916 2015 4843 4723 
2 6 2086 2032 4679 1550 2548 4437 
2 6 2235 926 1760 3699 1719 1866 
1 6 2250 7730 5129 1649 5071 1554 
2 6 2368 3513 2399 7865 2030 5852 
2 6 2513 7065 920 4131 2604 1145 
2 6 2979 5920 422 3038 6546 3392 
2 6 3043 453 472 3449 3466 6474 
2 6 3144 3559 3521 2014 524 3544 
1 6 3375 3445 366 3358 3683 6380 
1 6 3458 3559 3521 2014 524 3544 
2 6 3578 3426 6048 433 3111 6127 
2 6 3594 5858 667 5832 6518 512 
2 6 3594 5860 2873 6648 3621 620 
2 6 3615 3253 3179 266 395 6332 
2 6 3653 772 654 5846 1530 1599 
2 6 3673 3674 6673 3657 6656 2864 
1 6 377 3241 6301 3301 3205 6384 
2 6 3878 6911 3806 5163 7345 4345 
2 6 4102 1183 2547 2614 4164 7110 
1 6 4206 4088 4161 2571 1155 2515 
1 6 4245 4062 7220 1444 2526 2272 
1 6 4401 2348 5331 2374 1285 5404 
2 6 4692 4757 1753 1999 1904 1827 
2 6 476 6126 5902 754 741 2782 
1 6 495 6535 5978 405 3395 6377 
1 6 5116 5712 5016 6811 810 957 
2 6 5212 1500 2267 4507 4535 7552 
1 6 5280 1344 7310 1669 5260 4643 
1 6 5280 2403 5418 1430 4321 7340 
1 6 5526 4950 2561 4953 5096 5040 
1 6 5562 2501 2480 5529 5668 2663 
2 6 6063 5824 870 659 3853 2677 
2 6 6063 6737 1527 4590 7449 4692 
2 6 6063 6737 5150 1678 5646 1957 
1 6 6115 4021 6907 27 6145 122 
2 6 6136 585 3587 3765 3752 3734 
2 6 6262 6396 6290 6345 6414 6380 
1 6 6332 395 3384 3583 3272 6296 
2 6 6474 3479 502 6530 3531 418 
2 6 6613 3589 6784 6609 5737 6780 
2 6 673 2823 5842 2845 5878 603 
2 6 6752 6654 6391 3744 3158 3415 
2 6 6766 2750 6775 2732 5766 5744 
2 6 6766 2750 6775 5749 5731 620 
2 6 7081 1160 4163 1046 7180 2576 
1 6 7132 4150 7008 2540 7915 4933 
1 6 754 3757 3575 6597 409 3452 
2 6 760 2744 3754 769 5735 3594 
2 6 7642 4434 4621 1425 4406 7381 
2 6 7661 7495 4458 7624 4463 3668 
2 7 1182 4188 4100 7016 4118 1024 7169 
2 7 121 6941 3986 2 6896 2996 6928 
2 7 1330 2453 1417 2324 4626 4585 1492 
1 7 2086 1449 2002 4617 5497 6992 4437 
2 7 2086 2054 1908 4149 1438 1103 5583 
2 7 2086 2054 1908 4984 4480 1980 4110 
2 7 2199 638 5149 1485 4653 4491 7138 
2 7 2452 3563 4322 1254 4294 7370 5308 
2 7 2664 958 2741 762 780 3589 6613 
4 7 2695 6951 5680 6837 3900 1052 5495 
2 7 2906 6137 3474 482 6524 6501 3535 
2 7 2965 6508 5909 3225 288 3306 3335 
2 7 2979 491 3062 438 462 6429 476 
1 7 3006 500 509 5973 533 5986 3529 
1 7 310 6459 3219 6326 6249 6466 3808 
2 7 3356 6453 3729 6662 6345 6414 6380 
2 7 3527 5926 6002 3039 3409 5923 418 
2 7 3585 6418 5936 543 6552 5956 2787 
2 7 4245 5487 4644 7593 7537 4544 4516 
1 7 4245 5487 4644 7662 7565 5151 2247 
1 7 4640 126 3120 181 4016 6174 3151 
2 7 4692 1352 2536 4814 4586 1738 1921 
2 7 4725 4792 7801 1850 2321 4805 2393 
1 7 5005 7921 1922 2065 1982 4307 4492 
2 7 5223 1859 2458 3781 6742 7779 4860 
2 7 525 2892 5934 2920 5970 559 2950 
1 7 540 3463 6007 6351 2987 6818 6103 
2 7 5744 2883 595 2866 629 2849 3671 
1 7 6103 3837 296 6467 364 3191 6538 
2 7 6127 313 3304 6353 6382 6146 6752 
2 7 6338 260 6438 3251 3300 6388 6278 
2 7 6373 6319 6802 3507 5908 441 6593 
2 7 6398 6369 6426 6576 3044 471 6127 
2 7 6425 6817 6475 3638 3074 496 3152 
1 7 6469 6622 3405 6663 3737 3248 241 
2 7 6558 17 2933 493 5979 6164 3544 
2 7 6845 6869 2686 847 3850 880 2677 
1 7 6978 6151 7037 3094 6854 6964 6115 
2 7 7132 4116 989 1111 4097 2567 7100 
2 7 7375 3825 237 3280 7320 5443 1821 
1 7 7787 4765 4877 4343 7853 1858 1408 
2 8 1136 5569 5506 1167 7145 1191 7050 2568 
2 8 1814 4804 1935 7783 1713 7887 1565 4543 
1 8 1834 1931 1876 1813 4949 4777 2041 4797 
2 8 2932 5291 6545 2719 551 6949 2931 2947 
2 8 2947 5963 6547 2998 3509 3495 527 5994 
1 8 3010 6754 1347 7761 1737 7853 1858 1408 
1 8 3111 5911 3539 2970 6087 3582 5986 3529 
1 8 3663 3636 3639 637 3645 2793 3649 5861 
1 8 3668 6701 700 6748 3726 6758 2747 5729 
2 8 3686 705 3722 568 737 3573 588 3121 
2 8 3831 3201 3756 3265 4324 4283 1305 1278 
2 8 3831 3386 393 3357 3330 6515 6128 2452 
1 8 3859 3993 3053 6139 181 4016 6174 3151 
1 8 4245 5487 1609 4616 5103 5151 5194 7455 
1 8 4278 2476 7250 2285 5355 2401 2313 1349 
2 8 4345 4417 5235 5396 2356 1282 4342 4285 
2 8 4506 2107 4876 4845 4745 7743 4719 4677 
2 8 4601 5715 7528 801 5624 6823 6929 3957 
2 8 4723 4843 4697 1815 1894 1851 1961 4860 
2 8 4860 1995 4857 7880 1767 6722 1836 1752 
2 8 4865 4801 1991 1798 850 4799 4657 5153 
2 8 5223 1690 1832 4838 1854 1857 4900 4866 
1 8 5280 1344 1716 4547 7778 7363 5282 7447 
2 8 5562 2501 3901 5529 3968 851 955 819 
2 8 6063 6737 2860 1560 5205 4664 4807 1866 
2 8 6117 3104 3410 6499 6522 3434 6031 2979 
2 8 6510 6012 1299 4869 1782 4688 4875 4872 
1 8 6558 388 3820 279 3324 389 3380 362 
2 8 7798 1985 7755 1667 5088 4732 2147 2177 
1 8 949 3971 3952 3819 6842 5721 649 5709 
1 9 1599 2745 1539 2778 2804 4477 4614 1536 7661 
1 9 1921 5703 868 1658 6887 1756 4742 4773 4865 
1 9 2177 7520 5152 4478 4658 5020 2134 5118 7564 
2 9 2947 5963 3549 3534 553 2929 2914 3579 6449 
2 9 3043 6423 6451 3452 458 3042 6040 504 525 
2 9 3140 172 6959 3163 4015 81 6849 3874 6928 
2 9 3335 6252 3648 3814 3620 3263 6348 6414 6380 
2 9 3415 3691 3352 6374 6253 6234 3286 3804 6338 
2 9 362 3380 3351 6347 6321 6645 6567 524 3544 
1 9 3663 660 6695 6709 2808 676 2820 693 6711 
2 9 4109 3988 1109 976 863 6930 3844 5401 2670 
1 9 4245 4062 7220 1059 1538 5119 5611 7574 5143 
2 9 4245 4204 7593 2132 1637 5066 5216 7927 5040 
1 9 4725 7763 1888 4744 7851 2037 4939 7725 4677 
3 9 4865 4801 4902 7827 4736 5125 2756 710 5772 
1 9 5729 6620 3055 6054 6486 6516 520 2983 3529 
1 9 5930 6761 744 3741 6747 5781 2796 5826 3663 
2 9 6593 3470 2907 6435 572 513 422 6580 3144 
1 9 7202 7012 7134 2613 7083 7045 2687 6943 788 
2 9 7408 5311 5347 2407 5131 7572 7353 7492 1488 
1 10 2177 1537 5120 2212 4127 2114 7577 5211 5225 7656 
2 10 2795 734 3733 3702 5776 1436 5788 3806 6911 3878 
2 10 306 3362 6387 6686 3763 335 401 3327 3391 6380 
1 10 3815 6452 320 6829 3975 117 6197 79 6174 3151 
1 10 3859 415 592 6006 6408 308 3638 6475 6817 6425 
2 10 4797 1762 4837 4979 4766 2076 7860 4729 7786 4677 
1 10 5433 5248 4379 1302 7280 2280 4397 5542 2605 1185 
2 10 6136 3046 3025 3006 3519 3540 6591 3106 2982 3527 
2 10 7375 3329 7346 2375 6638 370 3027 3139 272 6124 
2 10 7433 1284 2288 4362 7379 4432 1424 7304 7644 7361 
2 10 7564 7535 7522 4481 2271 7651 5048 5082 4560 7566 
2 11 2947 2931 6949 3506 6000 3533 6531 5822 6698 698 678 
2 11 6278 7403 206 1380 5271 5243 361 3280 7320 5443 1821 
2 11 6380 301 3290 6827 3843 214 3339 6362 6410 6148 3415 
2 11 6464 506 584 3059 493 2933 243 279 3324 389 362 
2 11 6752 6654 3727 3317 286 3276 6302 6226 6275 6812 3831 
2 12 6380 301 3243 6316 378 280 3370 3268 6392 6295 6299 3208 
2 12 6510 6032 2301 1970 602 777 4688 4775 7899 1769 4875 4872 
1 12 6521 537 6236 6188 6787 3745 3642 334 389 3380 6402 6332 
2 13 3672 5830 685 2812 714 5791 5787 735 5775 6781 3587 585 6136 
2 13 6928 2996 3931 143 3135 6858 4025 73 3066 3103 6089 6840 6124 
1 13 7656 4295 7679 5197 1241 2191 4234 7632 4256 1526 4217 2157 1652 
3 16 3151 149 4035 6899 6095 6035 6086 6955 187 2999 3565 3215 3789 3358 3683 6380 
2 18 5259 1376 2362 7342 1291 2438 7236 4371 1337 4312 2379 1281 1308 4388 2357 2460 1427 7408 
