1 60 
1 73 
1 101 
1 110 
1 117 
1 121 
1 122 
1 141 
1 143 
1 191 
1 192 
1 241 
1 271 
1 275 
1 306 
1 308 
1 310 
1 321 
1 351 
1 362 
1 377 
1 383 
1 385 
1 391 
1 394 
1 399 
1 402 
1 403 
1 413 
1 418 
1 476 
1 485 
1 487 
1 492 
1 495 
1 512 
1 514 
1 516 
1 525 
1 540 
1 560 
1 570 
1 572 
1 587 
1 603 
1 619 
1 620 
1 650 
1 657 
1 673 
1 678 
1 688 
1 689 
1 692 
1 719 
1 731 
1 737 
1 740 
1 743 
1 746 
1 758 
1 782 
1 788 
1 792 
1 806 
1 819 
1 832 
1 875 
1 883 
1 885 
1 911 
1 913 
1 915 
1 925 
1 949 
1 952 
1 957 
1 960 
1 964 
1 1025 
1 1047 
1 1048 
1 1065 
1 1069 
1 1071 
1 1086 
1 1092 
1 1117 
1 1130 
1 1132 
1 1136 
1 1145 
1 1149 
1 1150 
1 1176 
1 1182 
1 1185 
1 1278 
1 1292 
1 1319 
1 1321 
1 1330 
1 1349 
1 1359 
1 1403 
1 1408 
1 1454 
1 1459 
1 1468 
1 1488 
1 1492 
1 1509 
1 1519 
1 1528 
1 1534 
1 1554 
1 1572 
1 1595 
1 1599 
1 1628 
1 1631 
1 1639 
1 1646 
1 1652 
1 1747 
1 1801 
1 1806 
1 1814 
1 1821 
1 1827 
1 1843 
1 1866 
1 1939 
1 1963 
1 2012 
1 2050 
1 2065 
1 2086 
1 2089 
1 2097 
1 2179 
1 2196 
1 2197 
1 2211 
1 2229 
1 3010 
1 3022 
1 3035 
1 3083 
1 3108 
1 3120 
1 3122 
1 3134 
1 3140 
1 3151 
1 3152 
1 3187 
1 3189 
1 3273 
1 3288 
1 3295 
1 3314 
1 3320 
1 3325 
1 3326 
1 3334 
1 3335 
1 3338 
1 3356 
1 3369 
1 3370 
1 3379 
1 3392 
1 3393 
1 3452 
1 3456 
1 3458 
1 3501 
1 3522 
1 3544 
1 3552 
1 3561 
1 3569 
1 3578 
1 3580 
1 3581 
1 3585 
1 3588 
1 3594 
1 3601 
1 3652 
1 3653 
1 3663 
1 3668 
1 3671 
1 3672 
1 3673 
1 3686 
1 3692 
1 3696 
1 3707 
1 3719 
1 3734 
1 3741 
1 3775 
1 3778 
1 3780 
1 3816 
1 3834 
1 3878 
1 3882 
1 3893 
1 3924 
1 3938 
1 3945 
1 3951 
1 3957 
1 3960 
1 3962 
1 3992 
1 4014 
1 4052 
1 4056 
1 4075 
1 4098 
1 4102 
1 4108 
1 4109 
1 4110 
1 4111 
1 4132 
1 4135 
1 4159 
1 4190 
1 4206 
1 4245 
1 4274 
1 4278 
1 4285 
1 4345 
1 4425 
1 4464 
1 4506 
1 4516 
1 4518 
1 4543 
1 4569 
1 4572 
1 4608 
1 4619 
1 4640 
1 4677 
1 4696 
1 4723 
1 4725 
1 4739 
1 4740 
1 4759 
1 4797 
1 4824 
1 4860 
1 4865 
1 4872 
1 4879 
1 4910 
1 4933 
1 4948 
1 4972 
1 4975 
1 4987 
1 5001 
1 5005 
1 5010 
1 5040 
1 5053 
1 5075 
1 5105 
1 5117 
1 5139 
1 5160 
1 5199 
1 5210 
1 5231 
1 6050 
1 6075 
1 6103 
1 6115 
1 6124 
1 6242 
1 6245 
1 6262 
1 6278 
1 6282 
1 6287 
1 6296 
1 6314 
1 6332 
1 6336 
1 6338 
1 6364 
1 6373 
1 6375 
1 6377 
1 6380 
1 6384 
1 6389 
1 6398 
1 6400 
1 6449 
1 6464 
1 6474 
1 6479 
1 6488 
1 6494 
1 6508 
1 6510 
1 6521 
1 6536 
1 6544 
1 6558 
1 6560 
1 6583 
1 6593 
1 6606 
1 6613 
1 6626 
1 6657 
1 6700 
1 6710 
1 6711 
1 6732 
1 6734 
1 6766 
1 6780 
1 6785 
1 6788 
1 6831 
1 6845 
1 6855 
1 6867 
1 6882 
1 6890 
1 6891 
1 6906 
1 6923 
1 6928 
1 6948 
1 6960 
1 6969 
1 6973 
1 6981 
1 6983 
1 6984 
1 6994 
1 7011 
1 7014 
1 7025 
1 7069 
1 7072 
1 7081 
1 7087 
1 7097 
1 7100 
1 7110 
1 7125 
1 7132 
1 7137 
1 7138 
1 7151 
1 7169 
1 7183 
1 7186 
1 7191 
1 7199 
1 7202 
1 7212 
1 7243 
1 7244 
1 7260 
1 7265 
1 7274 
1 7315 
1 7340 
1 7361 
1 7375 
1 7381 
1 7388 
1 7408 
1 7418 
1 7433 
1 7447 
1 7455 
1 7480 
1 7500 
1 7552 
1 7564 
1 7566 
1 7602 
1 7621 
1 7642 
1 7646 
1 7661 
1 7669 
1 7787 
1 7797 
1 7798 
1 7859 
1 7916 
1 7959 
1 7974 
1 7986 
